Average Worker Accuracy: 0.38
Initial worker accuracies: 
[0.36879462 0.41687364 0.395964   0.36982396 0.36598143 0.36300872
 0.32574493 0.38359945 0.39586672 0.3726259  0.40227008 0.41116295
 0.37118181 0.38502035 0.36797101 0.41564663 0.37049542 0.38617
 0.37643703 0.36709708 0.36250728 0.35162302 0.38079253 0.34793834
 0.40970293 0.39715685 0.36371931 0.39672332 0.38625243 0.36663597
 0.40512849]
average = 0.37999729739811594
Final worker accuracies: 
[0.3945535  0.43734354 0.42112747 0.37386581 0.39611055 0.39863787
 0.34377449 0.40932295 0.4302649  0.38566017 0.4276025  0.44125786
 0.38354914 0.42022243 0.38501308 0.43748298 0.39265035 0.40638947
 0.39437019 0.38950441 0.40606946 0.37582536 0.40719261 0.37472732
 0.43464777 0.42432077 0.37598111 0.4235912  0.4056933  0.39314326
 0.44236829]

Average Worker Accuracy: 0.43
Initial worker accuracies: 
[0.42657023 0.4539476  0.40288324 0.41996682 0.43511175 0.40466839
 0.44112182 0.44375846 0.43291006 0.46139722 0.43121092 0.43491069
 0.45443001 0.41131932 0.41131707 0.42091019 0.45818345 0.44495494
 0.41492362 0.43929648 0.46545031 0.4196498  0.45356372 0.44668461
 0.41889298 0.42608244 0.37732656 0.44043244 0.41947662 0.42443724
 0.39321437]
average = 0.42996785075804667
Final worker accuracies: 
[0.45035141 0.47517944 0.41862239 0.43768412 0.45572409 0.41743487
 0.47261893 0.4604067  0.46454153 0.48916906 0.4471805  0.45342038
 0.47979683 0.42916116 0.43555636 0.43627511 0.47919471 0.45994969
 0.43751049 0.47668197 0.48627282 0.43552705 0.47204802 0.47635677
 0.4434233  0.44727352 0.40578876 0.4712274  0.42972307 0.45655859
 0.4182802 ]

Average Worker Accuracy: 0.48
Initial worker accuracies: 
[0.47130813 0.47456748 0.46774326 0.47350095 0.49083414 0.45124135
 0.46218144 0.47404585 0.49099858 0.54889211 0.47510903 0.50324314
 0.46743562 0.51156644 0.47790947 0.50217446 0.47213856 0.51366538
 0.48954311 0.44426404 0.45374325 0.46394497 0.50166361 0.4727991
 0.47609674 0.4788985  0.47270815 0.47617116 0.50364385 0.47759749
 0.46652113]
average = 0.480843564901526
Final worker accuracies: 
[0.4795393  0.48095464 0.4799183  0.49237765 0.50789365 0.46048423
 0.48541327 0.48156851 0.49813962 0.5765942  0.48325412 0.51265663
 0.48540971 0.52879093 0.51144723 0.53016331 0.49260154 0.52874149
 0.50354415 0.44937211 0.4635343  0.47568907 0.53067705 0.49661953
 0.4862051  0.49338411 0.49807938 0.49143727 0.52468057 0.49129813
 0.48143687]

Average Worker Accuracy: 0.53
Initial worker accuracies: 
[0.52600542 0.52814826 0.53018528 0.52890677 0.55043338 0.52018623
 0.47975303 0.5130565  0.5151839  0.52899602 0.54174287 0.54224908
 0.52181282 0.51731387 0.55375284 0.53679877 0.55382344 0.53708248
 0.53609261 0.54703618 0.55187095 0.52636768 0.56067064 0.54311434
 0.51882204 0.48962024 0.5516493  0.52200364 0.51611738 0.52760306
 0.53259433]
average = 0.5306126885581035
Final worker accuracies: 
[0.53620382 0.52229928 0.54692203 0.54316873 0.56402275 0.5296211
 0.49231151 0.5284422  0.51657231 0.54704078 0.55108265 0.55159753
 0.5369188  0.52776049 0.55443808 0.53986717 0.57150795 0.54802453
 0.53447061 0.56192027 0.56153309 0.53054654 0.570089   0.55182308
 0.52776661 0.50188873 0.5717629  0.53169406 0.52465764 0.54387839
 0.54317904]

Average Worker Accuracy: 0.58
Initial worker accuracies: 
[0.57029269 0.56584403 0.56759766 0.57126423 0.59754455 0.5588135
 0.58284604 0.58798348 0.57687935 0.59409824 0.58982559 0.57361618
 0.58125757 0.55712536 0.55909269 0.5713755  0.59128169 0.59205622
 0.59736391 0.59085809 0.59401    0.56105609 0.56699103 0.53152954
 0.60081504 0.59889874 0.61513085 0.59076129 0.57188315 0.61147831
 0.56141697]
average = 0.580031857610527
Final worker accuracies: 
[0.58536742 0.57344897 0.58603558 0.58048228 0.62122746 0.57998587
 0.58778493 0.6016087  0.59240272 0.59712173 0.59351173 0.58820154
 0.58777091 0.56969132 0.56987107 0.58536622 0.60202819 0.60197021
 0.59912307 0.60257189 0.59795311 0.56789315 0.57236327 0.54490329
 0.60674804 0.61284606 0.62631645 0.60590509 0.59016629 0.62209933
 0.55350313]

Average Worker Accuracy: 0.6299999999999999
Initial worker accuracies: 
[0.62223168 0.65143765 0.62251083 0.63104927 0.62388729 0.6107807
 0.59713917 0.65841614 0.60678934 0.59167847 0.62158725 0.64590651
 0.60072253 0.65670044 0.65101774 0.65503496 0.61129522 0.61930726
 0.6175807  0.61049456 0.63108561 0.64102239 0.67784119 0.64457416
 0.61296232 0.66473036 0.61849159 0.61952574 0.64386757 0.64806881
 0.63163289]
average = 0.630302269653673
Final worker accuracies: 
[0.62454419 0.64835005 0.62468888 0.63811587 0.63516716 0.61612755
 0.59794822 0.66788755 0.61325312 0.60207601 0.62708435 0.66646217
 0.60545617 0.66939784 0.66614339 0.66030426 0.63028076 0.61090583
 0.62489902 0.60775383 0.61934782 0.65747939 0.68267509 0.64947357
 0.62033963 0.66873424 0.62270533 0.63048903 0.65585279 0.6460729
 0.63875679]

Average Worker Accuracy: 0.6799999999999999
Initial worker accuracies: 
[0.69824019 0.69706344 0.70120786 0.65865853 0.68831091 0.67727154
 0.66099566 0.68406472 0.68183072 0.6748108  0.66451091 0.6977958
 0.67998755 0.68636801 0.67566125 0.68749298 0.66160736 0.66372546
 0.68544743 0.69160306 0.6567473  0.66490028 0.71399648 0.67387522
 0.65844913 0.67164956 0.68868347 0.66777885 0.67608194 0.71139836
 0.67432699]
average = 0.6798239276859346
Final worker accuracies: 
[0.6981849  0.70004226 0.71077342 0.66599518 0.697894   0.66700043
 0.67160975 0.69032449 0.67951507 0.68589481 0.66801108 0.70192707
 0.67528343 0.68603338 0.68335505 0.69170366 0.65751836 0.67004987
 0.6849593  0.70793524 0.66071261 0.67227653 0.72017319 0.67597075
 0.66250042 0.67679373 0.70204213 0.66195139 0.67551286 0.71527582
 0.67063038]

Average Worker Accuracy: 0.73
Initial worker accuracies: 
[0.74098669 0.70716379 0.72859856 0.73528858 0.74704935 0.75791323
 0.73690842 0.72219346 0.71900213 0.71638742 0.73125246 0.72516472
 0.7368254  0.74228838 0.72193934 0.71113214 0.74241203 0.74817133
 0.72111802 0.72411755 0.7439256  0.70487662 0.74974318 0.72689578
 0.73317413 0.74556544 0.69918769 0.74624124 0.7263984  0.71213472
 0.72666548]
average = 0.7300232665630595
Final worker accuracies: 
[0.75257453 0.69972233 0.73446989 0.74641175 0.75356145 0.75547648
 0.73148182 0.71518233 0.71455101 0.71995697 0.73099768 0.7277183
 0.74668102 0.74434954 0.72640356 0.71238889 0.7336659  0.74308555
 0.72349988 0.72707764 0.75068893 0.70191918 0.75186517 0.72304154
 0.73365013 0.75324859 0.71271987 0.75324647 0.72522541 0.71563558
 0.72145583]

Average Worker Accuracy: 0.7799999999999999
Initial worker accuracies: 
[0.78394097 0.76031077 0.7607342  0.80836872 0.76283684 0.77662226
 0.77645021 0.78698485 0.78362901 0.78971646 0.79187136 0.78484886
 0.7743322  0.77865632 0.7939949  0.79088283 0.78639649 0.79757684
 0.77592885 0.77264712 0.77666494 0.78766717 0.7812764  0.7635245
 0.7625762  0.8026684  0.77540391 0.77808226 0.78173799 0.7741002
 0.75998863]
average = 0.7800135694765575
Final worker accuracies: 
[0.78699795 0.75912651 0.7704971  0.81029461 0.76874879 0.78288417
 0.77445168 0.78417948 0.78557598 0.79762542 0.80242464 0.77997259
 0.77751158 0.77453377 0.79610676 0.79067785 0.78399533 0.79825401
 0.77138003 0.76234283 0.78309989 0.79303903 0.7859762  0.76747889
 0.76057961 0.81026575 0.77983361 0.78627149 0.77913324 0.77059165
 0.75929143]

Average Worker Accuracy: 0.8299999999999998
Initial worker accuracies: 
[0.82765646 0.84911431 0.81641226 0.81414777 0.82080367 0.8204274
 0.82571217 0.84617981 0.82420925 0.82800405 0.83547596 0.82418318
 0.82462849 0.81921686 0.82716917 0.82731575 0.82438058 0.84175373
 0.83273712 0.84413562 0.84268915 0.84381921 0.84460262 0.81916928
 0.85140416 0.83681129 0.82868208 0.82844884 0.83016783 0.8264419
 0.83802627]
average = 0.8310943947797408
Final worker accuracies: 
[0.81987363 0.85632406 0.8175806  0.81480897 0.82623368 0.82352251
 0.82935274 0.84627493 0.82903935 0.82668273 0.83510554 0.81885432
 0.82887832 0.82390277 0.82013218 0.83036994 0.82496785 0.85009218
 0.83723992 0.84301943 0.84019565 0.84993974 0.83847662 0.82587432
 0.85312938 0.84601521 0.83486455 0.8257502  0.83539224 0.82704689
 0.8302471 ]

Average Worker Accuracy: 0.8799999999999999
Initial worker accuracies: 
[0.88056909 0.86454099 0.86764874 0.88853699 0.89153697 0.87663804
 0.87705124 0.88383729 0.88156315 0.8814319  0.86657192 0.88666282
 0.89108695 0.87761604 0.88113726 0.87695299 0.87976695 0.87505008
 0.88827849 0.89501048 0.88251871 0.8772777  0.87670103 0.89020533
 0.88959324 0.8934957  0.87878291 0.86833897 0.88989412 0.87347852
 0.87933117]
average = 0.8810034125503668
Final worker accuracies: 
[0.88101456 0.86377605 0.86777428 0.88378888 0.88929143 0.87687343
 0.88268628 0.88546665 0.88493539 0.88269011 0.86647126 0.88002559
 0.89280159 0.87214988 0.87131393 0.87624186 0.87819083 0.86846669
 0.88464553 0.8926878  0.88574282 0.87968144 0.87551492 0.89544261
 0.88980166 0.88879911 0.88065092 0.8625201  0.89303114 0.87428595
 0.88162093]

Average Worker Accuracy: 0.9299999999999998
Initial worker accuracies: 
[0.93267562 0.92983045 0.93009056 0.92919175 0.92866401 0.92505427
 0.92822523 0.92655552 0.93545991 0.93558505 0.93205114 0.93254605
 0.92463706 0.93501492 0.92828977 0.92905394 0.9299986  0.92782575
 0.93448898 0.94023298 0.93152932 0.92794078 0.93280385 0.94027714
 0.92854329 0.92482507 0.93102619 0.93417942 0.92796894 0.92720302
 0.93527487]
average = 0.930872369825093
Final worker accuracies: 
[0.93835892 0.92609718 0.92490712 0.93178621 0.92895782 0.92895071
 0.92875386 0.93110701 0.93615876 0.93311767 0.92652693 0.93156155
 0.92723619 0.92863006 0.93098601 0.93121917 0.93067142 0.92986357
 0.93583648 0.93947419 0.92741065 0.9342954  0.92796088 0.9377392
 0.92954953 0.93048689 0.92992444 0.93741834 0.92506327 0.93095623
 0.93253793]

Average Worker Accuracy: 0.9799999999999999
Initial worker accuracies: 
[0.98066677 0.98104871 0.97866855 0.97754255 0.98175648 0.97872653
 0.98056107 0.9814426  0.98058688 0.97946212 0.9793081  0.98031579
 0.98159564 0.98023248 0.97898764 0.98068822 0.97964327 0.97901621
 0.97828493 0.97806158 0.98073484 0.97865703 0.98141786 0.98073179
 0.98303982 0.98138593 0.97900523 0.98027045 0.9776432  0.98027671
 0.98075304]
average = 0.9800165162614111
Final worker accuracies: 
[0.9825902  0.98090843 0.97715028 0.97814345 0.98217985 0.97588046
 0.97718631 0.98233389 0.98270759 0.97813416 0.97929781 0.98201635
 0.97856306 0.98136766 0.976574   0.98141119 0.97578393 0.97747865
 0.97964596 0.97608396 0.98004632 0.97582826 0.98279343 0.98010161
 0.982916   0.98021027 0.97892655 0.97599875 0.97805559 0.98416527
 0.98274725]

